0.500000, 0.002108
0.510000, 0.001316
0.520000, 0.005065
0.530000, 0.000668
0.540000, 0.003158
0.550000, 0.005120
0.560000, 0.004114
0.570000, 0.001881
0.580000, 0.001104
0.590000, 0.000800
0.600000, 0.000334
0.610000, 0.001490
0.620000, 0.001249
0.630000, 0.003409
0.640000, 0.000945
0.650000, 0.003342
0.660000, 0.000442
0.670000, 0.042464
0.680000, 0.000000
0.690000, 0.000000
0.700000, 0.000000
0.710000, 0.000000
0.720000, 0.000000
0.730000, 0.000000
0.740000, 0.000000
0.750000, 0.000000
0.760000, 0.000000
0.770000, 0.000000
0.780000, 0.000000
0.790000, 0.000000
0.800000, 0.000000
0.810000, 0.000000
0.820000, 0.000000
0.830000, 0.000000
0.840000, 0.000000
0.850000, 0.000000
0.860000, 0.000000
0.870000, 0.000000
0.880000, 0.000000
0.890000, 0.000000
0.900000, 0.000000
0.910000, 0.000000
0.920000, 0.000000
0.930000, 0.000000
0.940000, 0.000000
0.950000, 0.000000
0.960000, 0.000000
0.970000, 0.000000
0.980000, 0.000000
0.990000, 0.000000
1.000000, 0.000000
1.010000, 0.000000
1.020000, 0.000000
1.030000, 0.000000
1.040000, 0.000000
1.050000, 0.000000
1.060000, 0.000000
1.070000, 0.000000
1.080000, 0.000000
1.090000, 0.000000
1.100000, 0.000000
1.110000, 0.000000
1.120000, 0.000000
1.130000, 0.000000
1.140000, 0.000000
1.150000, 0.000000
1.160000, 0.000000
1.170000, 0.000000
1.180000, 0.000001
1.190000, 0.000001
1.200000, 0.000001
1.210000, 0.000001
1.220000, 0.000001
1.230000, 0.000001
1.240000, 0.000001
1.250000, 0.000001
1.260000, 0.000001
1.270000, 0.000001
1.280000, 0.000001
1.290000, 0.000001
1.300000, 0.000001
1.310000, 0.000001
1.320000, 0.000001
1.330000, 0.000001
1.340000, 0.000001
1.350000, 0.000001
1.360000, 0.000001
1.370000, 0.000001
1.380000, 0.000002
1.390000, 0.000002
1.400000, 0.000002
1.410000, 0.000002
1.420000, 0.000002
1.430000, 0.000002
1.440000, 0.000002
1.450000, 0.000002
1.460000, 0.000002
1.470000, 0.000002
1.480000, 0.000002
1.490000, 0.000003
1.500000, 0.000003
1.510000, 0.000003
1.520000, 0.000003
1.530000, 0.000003
1.540000, 0.000003
1.550000, 0.000003
1.560000, 0.000003
1.570000, 0.000004
1.580000, 0.000004
1.590000, 0.000005
1.600000, 0.000004
1.610000, 0.000005
1.620000, 0.000005
1.630000, 0.000005
1.640000, 0.000005
1.650000, 0.000006
1.660000, 0.000006
1.670000, 0.000006
1.680000, 0.000006
1.690000, 0.000006
1.700000, 0.000006
1.710000, 0.000007
1.720000, 0.000008
1.730000, 0.000007
1.740000, 0.000008
1.750000, 0.000009
1.760000, 0.000010
1.770000, 0.000010
1.780000, 0.000010
1.790000, 0.000010
1.800000, 0.000010
1.810000, 0.000016
1.820000, 0.000013
1.830000, 0.000016
1.840000, 0.000013
1.850000, 0.000017
1.860000, 0.000016
1.870000, 0.000015
1.880000, 0.000015
1.890000, 0.000016
1.900000, 0.000021
1.910000, 0.000018
1.920000, 0.000022
1.930000, 0.000022
1.940000, 0.000022
1.950000, 0.000027
1.960000, 0.000023
1.970000, 0.000029
1.980000, 0.000036
1.990000, 0.000041
2.000000, 0.000053
2.010000, 0.000036
2.020000, 0.000040
2.030000, 0.000049
2.040000, 0.000056
2.050000, 0.000046
2.060000, 0.000053
2.070000, 0.000084
2.080000, 0.000066
2.090000, 0.000070
2.100000, 0.000103
2.110000, 0.000236
2.120000, 0.000094
2.130000, 0.000097
2.140000, 0.000117
2.150000, 0.000156
2.160000, 0.000180
2.170000, 0.000178
2.180000, 0.000166
2.190000, 0.000172
2.200000, 0.000261
2.210000, 0.000581
2.220000, 0.000375
2.230000, 0.000574
2.240000, 0.000407
2.250000, 0.000620
2.260000, 0.002170
2.270000, 0.000816
2.280000, 0.002159
2.290000, 0.002959
2.300000, 0.001425
2.310000, 0.004528
2.320000, 0.003406
2.330000, 0.003714
2.340000, 0.008806
2.350000, 0.005683
2.360000, 0.009971
2.370000, 0.024502
2.380000, 0.005246
2.390000, 0.003066
2.400000, 0.005892
2.410000, 0.001231
2.420000, 0.002568
2.430000, 0.004593
2.440000, 0.006029
2.450000, 0.004062
2.460000, 0.002413
2.470000, 0.002166
2.480000, 0.001299
2.490000, 0.000798
2.500000, 0.001516
2.510000, 0.003914
2.520000, 0.001517
2.530000, 0.002273
2.540000, 0.001961
2.550000, 0.001189
2.560000, 0.002051
2.570000, 0.001261
2.580000, 0.002580
2.590000, 0.001400
2.600000, 0.001566
2.610000, 0.001013
2.620000, 0.001293
2.630000, 0.001050
2.640000, 0.001554
2.650000, 0.001702
2.660000, 0.001434
2.670000, 0.001138
2.680000, 0.000741
2.690000, 0.001351
2.700000, 0.000596
2.710000, 0.001084
2.720000, 0.001079
2.730000, 0.001134
2.740000, 0.000868
2.750000, 0.000656
2.760000, 0.000797
2.770000, 0.000546
2.780000, 0.000669
2.790000, 0.000659
2.800000, 0.000556
2.810000, 0.000541
2.820000, 0.000522
2.830000, 0.000592
2.840000, 0.000512
2.850000, 0.000468
2.860000, 0.000437
2.870000, 0.000397
2.880000, 0.000404
2.890000, 0.000717
2.900000, 0.000684
2.910000, 0.000374
2.920000, 0.000669
2.930000, 0.000684
2.940000, 0.000413
2.950000, 0.000436
2.960000, 0.000402
2.970000, 0.000383
2.980000, 0.000275
2.990000, 0.000340
3.000000, 0.000438
3.010000, 0.000387
3.020000, 0.000360
3.030000, 0.000290
3.040000, 0.000457
3.050000, 0.000364
3.060000, 0.000338
3.070000, 0.000330
3.080000, 0.000332
3.090000, 0.000387
3.100000, 0.000306
3.110000, 0.000374
3.120000, 0.000358
3.130000, 0.000285
3.140000, 0.000227
3.150000, 0.000224
3.160000, 0.000275
3.170000, 0.000239
3.180000, 0.000317
3.190000, 0.000222
3.200000, 0.000283
3.210000, 0.000266
3.220000, 0.000264
3.230000, 0.000237
3.240000, 0.000209
3.250000, 0.000236
3.260000, 0.000230
3.270000, 0.000239
3.280000, 0.000248
3.290000, 0.000180
3.300000, 0.000183
3.310000, 0.000222
3.320000, 0.000192
3.330000, 0.000234
3.340000, 0.000197
3.350000, 0.000193
3.360000, 0.000224
3.370000, 0.000206
3.380000, 0.000200
3.390000, 0.000223
3.400000, 0.000167
3.410000, 0.000173
3.420000, 0.000228
3.430000, 0.000190
3.440000, 0.000224
3.450000, 0.000209
3.460000, 0.000153
3.470000, 0.000141
3.480000, 0.000204
3.490000, 0.000188
3.500000, 0.000160
3.510000, 0.000181
3.520000, 0.000166
3.530000, 0.000169
3.540000, 0.000163
3.550000, 0.000158
3.560000, 0.000161
3.570000, 0.000183
3.580000, 0.000138
3.590000, 0.000166
3.600000, 0.000162
3.610000, 0.000153
3.620000, 0.000126
3.630000, 0.000181
3.640000, 0.000126
3.650000, 0.000126
3.660000, 0.000136
3.670000, 0.000128
3.680000, 0.000140
3.690000, 0.000128
3.700000, 0.000144
3.710000, 0.000143
3.720000, 0.000140
3.730000, 0.000152
3.740000, 0.000148
3.750000, 0.000128
3.760000, 0.000133
3.770000, 0.000143
3.780000, 0.000121
3.790000, 0.000133
3.800000, 0.000127
3.810000, 0.000126
3.820000, 0.000114
3.830000, 0.000100
3.840000, 0.000123
3.850000, 0.000121
3.860000, 0.000122
3.870000, 0.000112
3.880000, 0.000134
3.890000, 0.000109
3.900000, 0.000110
3.910000, 0.000120
3.920000, 0.000104
3.930000, 0.000123
3.940000, 0.000103
3.950000, 0.000114
3.960000, 0.000116
3.970000, 0.000125
3.980000, 0.000113
3.990000, 0.000103
4.000000, 0.000098
4.010000, 0.000107
4.020000, 0.000102
4.030000, 0.000101
4.040000, 0.000094
4.050000, 0.000098
4.060000, 0.000096
4.070000, 0.000093
4.080000, 0.000089
4.090000, 0.000101
4.100000, 0.000106
4.110000, 0.000090
4.120000, 0.000080
4.130000, 0.000089
4.140000, 0.000110
4.150000, 0.000082
4.160000, 0.000092
4.170000, 0.000094
4.180000, 0.000082
4.190000, 0.000094
4.200000, 0.000102
4.210000, 0.000093
4.220000, 0.000083
4.230000, 0.000099
4.240000, 0.000085
4.250000, 0.000082
4.260000, 0.000089
4.270000, 0.000082
4.280000, 0.000072
4.290000, 0.000085
4.300000, 0.000088
4.310000, 0.000085
4.320000, 0.000072
4.330000, 0.000081
4.340000, 0.000074
4.350000, 0.000078
4.360000, 0.000080
4.370000, 0.000089
4.380000, 0.000075
4.390000, 0.000080
4.400000, 0.000082
4.410000, 0.000072
4.420000, 0.000074
4.430000, 0.000084
4.440000, 0.000080
4.450000, 0.000073
4.460000, 0.000076
4.470000, 0.000070
4.480000, 0.000075
4.490000, 0.000069
4.500000, 0.000067
4.510000, 0.000076
4.520000, 0.000068
4.530000, 0.000090
4.540000, 0.000071
4.550000, 0.000073
4.560000, 0.000078
4.570000, 0.000073
4.580000, 0.000066
4.590000, 0.000076
4.600000, 0.000065
4.610000, 0.000065
4.620000, 0.000068
4.630000, 0.000073
4.640000, 0.000071
4.650000, 0.000071
4.660000, 0.000065
4.670000, 0.000069
4.680000, 0.000074
4.690000, 0.000074
4.700000, 0.000068
4.710000, 0.000061
4.720000, 0.000068
4.730000, 0.000069
4.740000, 0.000067
4.750000, 0.000063
4.760000, 0.000071
4.770000, 0.000063
4.780000, 0.000066
4.790000, 0.000059
4.800000, 0.000067
4.810000, 0.000064
4.820000, 0.000063
4.830000, 0.000058
4.840000, 0.000062
4.850000, 0.000059
4.860000, 0.000064
4.870000, 0.000054
4.880000, 0.000069
4.890000, 0.000063
4.900000, 0.000062
4.910000, 0.000059
4.920000, 0.000065
4.930000, 0.000056
4.940000, 0.000062
4.950000, 0.000058
4.960000, 0.000056
4.970000, 0.000059
4.980000, 0.000061
4.990000, 0.000062
5.000000, 0.000053
