0.500000, 0.000293
0.510000, 0.000199
0.520000, 0.000419
0.530000, 0.000044
0.540000, 0.000052
0.550000, 0.000196
0.560000, 0.000176
0.570000, 0.000110
0.580000, 0.000093
0.590000, 0.000205
0.600000, 0.000234
0.610000, 0.000143
0.620000, 0.000193
0.630000, 0.000835
0.640000, 0.000174
0.650000, 0.000804
0.660000, 0.000273
0.670000, 0.000591
0.680000, 0.000675
0.690000, 0.000233
0.700000, 0.000591
0.710000, 0.000426
0.720000, 0.000090
0.730000, 0.000315
0.740000, 0.000514
0.750000, 0.000425
0.760000, 0.000652
0.770000, 0.000233
0.780000, 0.000563
0.790000, 0.001115
0.800000, 0.000189
0.810000, 0.000850
0.820000, 0.000319
0.830000, 0.000072
0.840000, 0.000168
0.850000, 0.000229
0.860000, 0.000455
0.870000, 0.000119
0.880000, 0.000766
0.890000, 0.000110
0.900000, 0.000184
0.910000, 0.000234
0.920000, 0.000430
0.930000, 0.000705
0.940000, 0.000234
0.950000, 0.000720
0.960000, 0.000645
0.970000, 0.000533
0.980000, 0.004112
0.990000, 0.000161
1.000000, 0.000548
1.010000, 0.000547
1.020000, 0.000417
1.030000, 0.000329
1.040000, 0.002964
1.050000, 0.000944
1.060000, 0.000406
1.070000, 0.000096
1.080000, 0.000423
1.090000, 0.000415
1.100000, 0.000325
1.110000, 0.000612
1.120000, 0.001079
1.130000, 0.000406
1.140000, 0.000792
1.150000, 0.000164
1.160000, 0.001283
1.170000, 0.000000
1.180000, 0.000001
1.190000, 0.000000
1.200000, 0.000001
1.210000, 0.000001
1.220000, 0.000001
1.230000, 0.000001
1.240000, 0.000001
1.250000, 0.000001
1.260000, 0.000001
1.270000, 0.000001
1.280000, 0.000001
1.290000, 0.000001
1.300000, 0.000001
1.310000, 0.000001
1.320000, 0.000001
1.330000, 0.000001
1.340000, 0.000001
1.350000, 0.000001
1.360000, 0.000001
1.370000, 0.000001
1.380000, 0.000001
1.390000, 0.000002
1.400000, 0.000002
1.410000, 0.000002
1.420000, 0.000002
1.430000, 0.000002
1.440000, 0.000002
1.450000, 0.000002
1.460000, 0.000002
1.470000, 0.000002
1.480000, 0.000002
1.490000, 0.000002
1.500000, 0.000003
1.510000, 0.000003
1.520000, 0.000003
1.530000, 0.000003
1.540000, 0.000003
1.550000, 0.000003
1.560000, 0.000003
1.570000, 0.000004
1.580000, 0.000004
1.590000, 0.000004
1.600000, 0.000004
1.610000, 0.000004
1.620000, 0.000005
1.630000, 0.000005
1.640000, 0.000005
1.650000, 0.000006
1.660000, 0.000005
1.670000, 0.000006
1.680000, 0.000007
1.690000, 0.000007
1.700000, 0.000006
1.710000, 0.000007
1.720000, 0.000008
1.730000, 0.000008
1.740000, 0.000009
1.750000, 0.000008
1.760000, 0.000013
1.770000, 0.000010
1.780000, 0.000010
1.790000, 0.000011
1.800000, 0.000011
1.810000, 0.000010
1.820000, 0.000013
1.830000, 0.000012
1.840000, 0.000016
1.850000, 0.000014
1.860000, 0.000014
1.870000, 0.000016
1.880000, 0.000017
1.890000, 0.000023
1.900000, 0.000016
1.910000, 0.000019
1.920000, 0.000023
1.930000, 0.000026
1.940000, 0.000021
1.950000, 0.000029
1.960000, 0.000026
1.970000, 0.000035
1.980000, 0.000026
1.990000, 0.000040
2.000000, 0.000031
2.010000, 0.000041
2.020000, 0.000034
2.030000, 0.000049
2.040000, 0.000053
2.050000, 0.000043
2.060000, 0.000045
2.070000, 0.000044
2.080000, 0.000063
2.090000, 0.000087
2.100000, 0.000104
2.110000, 0.000138
2.120000, 0.000113
2.130000, 0.000131
2.140000, 0.000096
2.150000, 0.000213
2.160000, 0.000149
2.170000, 0.000253
2.180000, 0.000508
2.190000, 0.000207
2.200000, 0.000206
2.210000, 0.001069
2.220000, 0.000745
2.230000, 0.000389
2.240000, 0.000493
2.250000, 0.001765
2.260000, 0.000517
2.270000, 0.000454
2.280000, 0.000835
2.290000, 0.001160
2.300000, 0.000731
2.310000, 0.003683
2.320000, 0.000815
2.330000, 0.010647
2.340000, 0.004378
2.350000, 0.002590
2.360000, 0.005417
2.370000, 0.003237
2.380000, 0.003135
2.390000, 0.001740
2.400000, 0.006348
2.410000, 0.002622
2.420000, 0.003629
2.430000, 0.001369
2.440000, 0.001391
2.450000, 0.005488
2.460000, 0.002154
2.470000, 0.001557
2.480000, 0.001515
2.490000, 0.002304
2.500000, 0.002440
2.510000, 0.002571
2.520000, 0.001534
2.530000, 0.002088
2.540000, 0.001582
2.550000, 0.001479
2.560000, 0.002122
2.570000, 0.001393
2.580000, 0.000926
2.590000, 0.001304
2.600000, 0.001821
2.610000, 0.000685
2.620000, 0.001279
2.630000, 0.000584
2.640000, 0.001383
2.650000, 0.000936
2.660000, 0.001254
2.670000, 0.001014
2.680000, 0.000936
2.690000, 0.000764
2.700000, 0.000835
2.710000, 0.000956
2.720000, 0.000900
2.730000, 0.000535
2.740000, 0.000751
2.750000, 0.000664
2.760000, 0.000581
2.770000, 0.000503
2.780000, 0.000771
2.790000, 0.000656
2.800000, 0.000518
2.810000, 0.000590
2.820000, 0.000637
2.830000, 0.000764
2.840000, 0.000625
2.850000, 0.000481
2.860000, 0.000662
2.870000, 0.000432
2.880000, 0.000631
2.890000, 0.000701
2.900000, 0.000424
2.910000, 0.000480
2.920000, 0.000346
2.930000, 0.000325
2.940000, 0.000351
2.950000, 0.000434
2.960000, 0.000281
2.970000, 0.000372
2.980000, 0.000346
2.990000, 0.000383
3.000000, 0.000451
3.010000, 0.000348
3.020000, 0.000292
3.030000, 0.000331
3.040000, 0.000257
3.050000, 0.000358
3.060000, 0.000319
3.070000, 0.000328
3.080000, 0.000232
3.090000, 0.000324
3.100000, 0.000313
3.110000, 0.000284
3.120000, 0.000341
3.130000, 0.000271
3.140000, 0.000334
3.150000, 0.000309
3.160000, 0.000350
3.170000, 0.000274
3.180000, 0.000283
3.190000, 0.000320
3.200000, 0.000292
3.210000, 0.000234
3.220000, 0.000302
3.230000, 0.000250
3.240000, 0.000231
3.250000, 0.000207
3.260000, 0.000238
3.270000, 0.000262
3.280000, 0.000199
3.290000, 0.000174
3.300000, 0.000246
3.310000, 0.000236
3.320000, 0.000188
3.330000, 0.000270
3.340000, 0.000223
3.350000, 0.000240
3.360000, 0.000211
3.370000, 0.000206
3.380000, 0.000196
3.390000, 0.000246
3.400000, 0.000181
3.410000, 0.000174
3.420000, 0.000214
3.430000, 0.000168
3.440000, 0.000190
3.450000, 0.000182
3.460000, 0.000177
3.470000, 0.000190
3.480000, 0.000209
3.490000, 0.000140
3.500000, 0.000161
3.510000, 0.000165
3.520000, 0.000180
3.530000, 0.000199
3.540000, 0.000160
3.550000, 0.000142
3.560000, 0.000160
3.570000, 0.000172
3.580000, 0.000155
3.590000, 0.000151
3.600000, 0.000152
3.610000, 0.000136
3.620000, 0.000165
3.630000, 0.000145
3.640000, 0.000146
3.650000, 0.000113
3.660000, 0.000140
3.670000, 0.000132
3.680000, 0.000146
3.690000, 0.000140
3.700000, 0.000113
3.710000, 0.000131
3.720000, 0.000147
3.730000, 0.000105
3.740000, 0.000128
3.750000, 0.000130
3.760000, 0.000149
3.770000, 0.000140
3.780000, 0.000103
3.790000, 0.000130
3.800000, 0.000118
3.810000, 0.000108
3.820000, 0.000117
3.830000, 0.000122
3.840000, 0.000109
3.850000, 0.000130
3.860000, 0.000107
3.870000, 0.000121
3.880000, 0.000094
3.890000, 0.000110
3.900000, 0.000102
3.910000, 0.000107
3.920000, 0.000118
3.930000, 0.000101
3.940000, 0.000113
3.950000, 0.000122
3.960000, 0.000127
3.970000, 0.000107
3.980000, 0.000118
3.990000, 0.000089
4.000000, 0.000118
4.010000, 0.000115
4.020000, 0.000102
4.030000, 0.000116
4.040000, 0.000105
4.050000, 0.000107
4.060000, 0.000087
4.070000, 0.000112
4.080000, 0.000094
4.090000, 0.000110
4.100000, 0.000115
4.110000, 0.000098
4.120000, 0.000094
4.130000, 0.000126
4.140000, 0.000107
4.150000, 0.000097
4.160000, 0.000095
4.170000, 0.000089
4.180000, 0.000080
4.190000, 0.000089
4.200000, 0.000099
4.210000, 0.000083
4.220000, 0.000087
4.230000, 0.000079
4.240000, 0.000097
4.250000, 0.000084
4.260000, 0.000079
4.270000, 0.000096
4.280000, 0.000082
4.290000, 0.000082
4.300000, 0.000085
4.310000, 0.000088
4.320000, 0.000096
4.330000, 0.000076
4.340000, 0.000081
4.350000, 0.000083
4.360000, 0.000077
4.370000, 0.000084
4.380000, 0.000081
4.390000, 0.000082
4.400000, 0.000072
4.410000, 0.000078
4.420000, 0.000081
4.430000, 0.000076
4.440000, 0.000076
4.450000, 0.000075
4.460000, 0.000073
4.470000, 0.000073
4.480000, 0.000077
4.490000, 0.000081
4.500000, 0.000079
4.510000, 0.000071
4.520000, 0.000079
4.530000, 0.000077
4.540000, 0.000072
4.550000, 0.000066
4.560000, 0.000063
4.570000, 0.000065
4.580000, 0.000069
4.590000, 0.000069
4.600000, 0.000060
4.610000, 0.000070
4.620000, 0.000070
4.630000, 0.000066
4.640000, 0.000066
4.650000, 0.000070
4.660000, 0.000066
4.670000, 0.000067
4.680000, 0.000067
4.690000, 0.000065
4.700000, 0.000069
4.710000, 0.000064
4.720000, 0.000071
4.730000, 0.000065
4.740000, 0.000067
4.750000, 0.000067
4.760000, 0.000056
4.770000, 0.000063
4.780000, 0.000056
4.790000, 0.000063
4.800000, 0.000064
4.810000, 0.000059
4.820000, 0.000060
4.830000, 0.000060
4.840000, 0.000058
4.850000, 0.000054
4.860000, 0.000062
4.870000, 0.000066
4.880000, 0.000056
4.890000, 0.000055
4.900000, 0.000059
4.910000, 0.000070
4.920000, 0.000058
4.930000, 0.000055
4.940000, 0.000071
4.950000, 0.000057
4.960000, 0.000056
4.970000, 0.000057
4.980000, 0.000056
4.990000, 0.000060
5.000000, 0.000056
