1.000000, 0.868221
1.010000, 0.999211
1.020000, 0.999111
1.030000, 0.999118
1.040000, 0.999006
1.050000, 0.998913
1.060000, 0.998834
1.070000, 0.998799
1.080000, 0.998646
1.090000, 0.998593
1.100000, 0.998488
1.110000, 0.998352
1.120000, 0.998211
1.130000, 0.998059
1.140000, 0.998017
1.150000, 0.997833
1.160000, 0.997682
1.170000, 0.997508
1.180000, 0.997394
1.190000, 0.997184
1.200000, 0.997113
1.210000, 0.996840
1.220000, 0.996547
1.230000, 0.996377
1.240000, 0.996301
1.250000, 0.996029
1.260000, 0.995834
1.270000, 0.995504
1.280000, 0.995390
1.290000, 0.995070
1.300000, 0.994776
1.310000, 0.994494
1.320000, 0.994227
1.330000, 0.993952
1.340000, 0.993621
1.350000, 0.993208
1.360000, 0.992914
1.370000, 0.992572
1.380000, 0.992228
1.390000, 0.991693
1.400000, 0.991397
1.410000, 0.990904
1.420000, 0.990491
1.430000, 0.990175
1.440000, 0.989536
1.450000, 0.989274
1.460000, 0.988480
1.470000, 0.988044
1.480000, 0.987561
1.490000, 0.987182
1.500000, 0.986474
1.510000, 0.985877
1.520000, 0.985540
1.530000, 0.984780
1.540000, 0.984002
1.550000, 0.983414
1.560000, 0.982759
1.570000, 0.982071
1.580000, 0.981256
1.590000, 0.980688
1.600000, 0.979711
1.610000, 0.978551
1.620000, 0.977845
1.630000, 0.977355
1.640000, 0.976281
1.650000, 0.974964
1.660000, 0.974666
1.670000, 0.973552
1.680000, 0.972046
1.690000, 0.971258
1.700000, 0.970185
1.710000, 0.969219
1.720000, 0.968478
1.730000, 0.966398
1.740000, 0.965088
1.750000, 0.963895
1.760000, 0.962820
1.770000, 0.961338
1.780000, 0.959544
1.790000, 0.958477
1.800000, 0.956667
1.810000, 0.955588
1.820000, 0.953486
1.830000, 0.951362
1.840000, 0.950249
1.850000, 0.948848
1.860000, 0.945682
1.870000, 0.944355
1.880000, 0.942297
1.890000, 0.939876
1.900000, 0.938691
1.910000, 0.935257
1.920000, 0.933810
1.930000, 0.930811
1.940000, 0.928938
1.950000, 0.925726
1.960000, 0.923676
1.970000, 0.922061
1.980000, 0.916669
1.990000, 0.913026
2.000000, 0.910204
2.010000, 0.906031
2.020000, 0.902505
2.030000, 0.900255
2.040000, 0.896990
2.050000, 0.893329
2.060000, 0.888464
2.070000, 0.884786
2.080000, 0.873669
2.090000, 0.876163
2.100000, 0.870830
2.110000, 0.866351
2.120000, 0.857801
2.130000, 0.850268
2.140000, 0.850092
2.150000, 0.831429
2.160000, 0.835997
2.170000, 0.822551
2.180000, 0.808938
2.190000, 0.801395
2.200000, 0.782994
2.210000, 0.785670
2.220000, 0.773103
2.230000, 0.752110
2.240000, 0.741035
2.250000, 0.657013
2.260000, 0.670799
2.270000, 0.668134
2.280000, 0.637538
2.290000, 0.399019
2.300000, 0.381515
2.310000, 0.441497
2.320000, 0.212545
2.330000, 0.114295
2.340000, 0.435320
2.350000, 0.107578
2.360000, 0.304306
2.370000, 0.069502
2.380000, 0.025523
2.390000, 0.007564
2.400000, 0.026689
2.410000, 0.043725
2.420000, 0.045667
2.430000, 0.037530
2.440000, 0.043953
2.450000, 0.004058
2.460000, 0.041530
2.470000, 0.076025
2.480000, 0.001969
2.490000, 0.002654
2.500000, 0.000850
2.510000, 0.018889
2.520000, 0.013502
2.530000, 0.046765
2.540000, 0.069198
2.550000, 0.010410
2.560000, 0.035763
2.570000, 0.067634
2.580000, 0.015072
2.590000, 0.014836
2.600000, 0.013524
2.610000, 0.019193
2.620000, 0.007552
2.630000, 0.045802
2.640000, 0.004627
2.650000, 0.035664
2.660000, 0.009164
2.670000, 0.012728
2.680000, 0.028768
2.690000, 0.001658
2.700000, 0.009348
2.710000, 0.000837
2.720000, 0.012106
2.730000, 0.001198
2.740000, 0.026663
2.750000, 0.003575
2.760000, 0.007411
2.770000, 0.022242
2.780000, 0.003701
2.790000, 0.016972
2.800000, 0.028191
2.810000, 0.002755
2.820000, 0.003052
2.830000, 0.014158
2.840000, 0.009075
2.850000, 0.002398
2.860000, 0.002263
2.870000, 0.003719
2.880000, 0.002922
2.890000, 0.002240
2.900000, 0.002214
2.910000, 0.002780
2.920000, 0.010206
2.930000, 0.004190
2.940000, 0.000449
2.950000, 0.008119
2.960000, 0.000979
2.970000, 0.002204
2.980000, 0.005192
2.990000, 0.000261
3.000000, 0.008528
3.010000, 0.000940
3.020000, 0.001769
3.030000, 0.002643
3.040000, 0.014166
3.050000, 0.001710
3.060000, 0.009155
3.070000, 0.005656
3.080000, 0.007614
3.090000, 0.001655
3.100000, 0.001500
3.110000, 0.005288
3.120000, 0.002985
3.130000, 0.004061
3.140000, 0.011173
3.150000, 0.004846
3.160000, 0.000401
3.170000, 0.002049
3.180000, 0.006029
3.190000, 0.006547
3.200000, 0.008256
3.210000, 0.005497
3.220000, 0.002343
3.230000, 0.006971
3.240000, 0.002964
3.250000, 0.002146
3.260000, 0.003556
3.270000, 0.000772
3.280000, 0.003017
3.290000, 0.000012
3.300000, 0.001433
3.310000, 0.003778
3.320000, 0.001024
3.330000, 0.000564
3.340000, 0.006544
3.350000, 0.000917
3.360000, 0.001447
3.370000, 0.001612
3.380000, 0.000569
3.390000, 0.001507
3.400000, 0.006268
3.410000, 0.001615
3.420000, 0.004161
3.430000, 0.006974
3.440000, 0.001154
3.450000, 0.000313
3.460000, 0.001140
3.470000, 0.000550
3.480000, 0.000792
3.490000, 0.001990
3.500000, 0.001560
3.510000, 0.002681
3.520000, 0.005186
3.530000, 0.000371
3.540000, 0.002030
3.550000, 0.001379
3.560000, 0.000677
3.570000, 0.001338
3.580000, 0.002308
3.590000, 0.002404
3.600000, 0.000743
3.610000, 0.000059
3.620000, 0.002572
3.630000, 0.001285
3.640000, 0.000765
3.650000, 0.002245
3.660000, 0.000547
3.670000, 0.000384
3.680000, 0.001687
3.690000, 0.002784
3.700000, 0.000568
3.710000, 0.002583
3.720000, 0.000546
3.730000, 0.000805
3.740000, 0.000414
3.750000, 0.002801
3.760000, 0.000510
3.770000, 0.001632
3.780000, 0.000442
3.790000, 0.001102
3.800000, 0.000547
3.810000, 0.001858
3.820000, 0.001902
3.830000, 0.000519
3.840000, 0.002225
3.850000, 0.004080
3.860000, 0.000955
3.870000, 0.002315
3.880000, 0.001866
3.890000, 0.001264
3.900000, 0.002515
3.910000, 0.000162
3.920000, 0.004577
3.930000, 0.000948
3.940000, 0.004168
3.950000, 0.000767
3.960000, 0.001636
3.970000, 0.002233
3.980000, 0.001488
3.990000, 0.000437
4.000000, 0.000119
4.010000, 0.000157
4.020000, 0.000791
4.030000, 0.000741
4.040000, 0.001786
4.050000, 0.002397
4.060000, 0.002557
4.070000, 0.000604
4.080000, 0.000106
4.090000, 0.002485
4.100000, 0.002403
4.110000, 0.000839
4.120000, 0.002384
4.130000, 0.001955
4.140000, 0.000807
4.150000, 0.001028
4.160000, 0.002302
4.170000, 0.000605
4.180000, 0.000749
4.190000, 0.000660
4.200000, 0.003648
4.210000, 0.000067
4.220000, 0.001499
4.230000, 0.001081
4.240000, 0.001214
4.250000, 0.001962
4.260000, 0.001871
4.270000, 0.001678
4.280000, 0.000644
4.290000, 0.003027
4.300000, 0.000927
4.310000, 0.000080
4.320000, 0.003024
4.330000, 0.000052
4.340000, 0.000331
4.350000, 0.000960
4.360000, 0.001971
4.370000, 0.001065
4.380000, 0.001822
4.390000, 0.003028
4.400000, 0.000327
4.410000, 0.001518
4.420000, 0.001170
4.430000, 0.001566
4.440000, 0.000802
4.450000, 0.000473
4.460000, 0.001058
4.470000, 0.000587
4.480000, 0.000525
4.490000, 0.000896
4.500000, 0.000949
4.510000, 0.000784
4.520000, 0.000049
4.530000, 0.000723
4.540000, 0.001290
4.550000, 0.001325
4.560000, 0.000047
4.570000, 0.001390
4.580000, 0.000435
4.590000, 0.001007
4.600000, 0.001391
4.610000, 0.002492
4.620000, 0.002271
4.630000, 0.000637
4.640000, 0.001593
4.650000, 0.000852
4.660000, 0.000657
4.670000, 0.002330
4.680000, 0.000856
4.690000, 0.000291
4.700000, 0.001058
4.710000, 0.000745
4.720000, 0.000021
4.730000, 0.000305
4.740000, 0.001118
4.750000, 0.000287
4.760000, 0.001291
4.770000, 0.000998
4.780000, 0.002021
4.790000, 0.001306
4.800000, 0.000585
4.810000, 0.000849
4.820000, 0.002240
4.830000, 0.000804
4.840000, 0.000548
4.850000, 0.000897
4.860000, 0.000637
4.870000, 0.000576
4.880000, 0.000168
4.890000, 0.000226
4.900000, 0.000160
4.910000, 0.000254
4.920000, 0.000935
4.930000, 0.001315
4.940000, 0.000202
4.950000, 0.001512
4.960000, 0.000799
4.970000, 0.000207
4.980000, 0.001418
4.990000, 0.003059
5.000000, 0.000878
