0.500000, 0.000000
0.510000, 0.000000
0.520000, 0.000000
0.530000, 0.000000
0.540000, 0.000000
0.550000, 0.000000
0.560000, 0.000000
0.570000, 0.000000
0.580000, 0.000000
0.590000, 0.000000
0.600000, 0.000000
0.610000, 0.000000
0.620000, 0.000000
0.630000, 0.000000
0.640000, 0.000000
0.650000, 0.000000
0.660000, 0.000000
0.670000, 0.000000
0.680000, 0.000000
0.690000, 0.000000
0.700000, 0.000000
0.710000, 0.000000
0.720000, 0.000000
0.730000, 0.000000
0.740000, 0.000000
0.750000, 0.000000
0.760000, 0.000000
0.770000, 0.000000
0.780000, 0.000000
0.790000, 0.000000
0.800000, 0.000000
0.810000, 0.000000
0.820000, 0.000000
0.830000, 0.000000
0.840000, 0.000000
0.850000, 0.000000
0.860000, 0.000000
0.870000, 0.000000
0.880000, 0.000000
0.890000, 0.000000
0.900000, 0.000000
0.910000, 0.000000
0.920000, 0.000000
0.930000, 0.000000
0.940000, 0.000000
0.950000, 0.000000
0.960000, 0.000000
0.970000, 0.000000
0.980000, 0.000000
0.990000, 0.000000
1.000000, 0.000000
1.010000, 0.000000
1.020000, 0.000000
1.030000, 0.000000
1.040000, 0.000000
1.050000, 0.000000
1.060000, 0.000000
1.070000, 0.000000
1.080000, 0.000000
1.090000, 0.000000
1.100000, 0.000000
1.110000, 0.000000
1.120000, 0.000000
1.130000, 0.000000
1.140000, 0.000000
1.150000, 0.000000
1.160000, 0.000000
1.170000, 0.000000
1.180000, 0.000000
1.190000, 0.000001
1.200000, 0.000001
1.210000, 0.000001
1.220000, 0.000001
1.230000, 0.000001
1.240000, 0.000001
1.250000, 0.000001
1.260000, 0.000001
1.270000, 0.000001
1.280000, 0.000001
1.290000, 0.000001
1.300000, 0.000001
1.310000, 0.000001
1.320000, 0.000001
1.330000, 0.000001
1.340000, 0.000001
1.350000, 0.000001
1.360000, 0.000001
1.370000, 0.000001
1.380000, 0.000001
1.390000, 0.000002
1.400000, 0.000002
1.410000, 0.000002
1.420000, 0.000002
1.430000, 0.000002
1.440000, 0.000002
1.450000, 0.000002
1.460000, 0.000002
1.470000, 0.000002
1.480000, 0.000002
1.490000, 0.000002
1.500000, 0.000003
1.510000, 0.000003
1.520000, 0.000003
1.530000, 0.000003
1.540000, 0.000003
1.550000, 0.000004
1.560000, 0.000004
1.570000, 0.000004
1.580000, 0.000004
1.590000, 0.000004
1.600000, 0.000004
1.610000, 0.000004
1.620000, 0.000005
1.630000, 0.000006
1.640000, 0.000005
1.650000, 0.000005
1.660000, 0.000006
1.670000, 0.000006
1.680000, 0.000006
1.690000, 0.000007
1.700000, 0.000008
1.710000, 0.000008
1.720000, 0.000008
1.730000, 0.000008
1.740000, 0.000008
1.750000, 0.000008
1.760000, 0.000009
1.770000, 0.000008
1.780000, 0.000009
1.790000, 0.000011
1.800000, 0.000012
1.810000, 0.000010
1.820000, 0.000014
1.830000, 0.000014
1.840000, 0.000014
1.850000, 0.000013
1.860000, 0.000017
1.870000, 0.000017
1.880000, 0.000018
1.890000, 0.000015
1.900000, 0.000021
1.910000, 0.000022
1.920000, 0.000019
1.930000, 0.000031
1.940000, 0.000022
1.950000, 0.000026
1.960000, 0.000023
1.970000, 0.000028
1.980000, 0.000030
1.990000, 0.000035
2.000000, 0.000037
2.010000, 0.000052
2.020000, 0.000077
2.030000, 0.000052
2.040000, 0.000044
2.050000, 0.000049
2.060000, 0.000071
2.070000, 0.000047
2.080000, 0.000070
2.090000, 0.000055
2.100000, 0.000073
2.110000, 0.000086
2.120000, 0.000105
2.130000, 0.000110
2.140000, 0.000145
2.150000, 0.000170
2.160000, 0.000366
2.170000, 0.000118
2.180000, 0.000204
2.190000, 0.000439
2.200000, 0.000136
2.210000, 0.000235
2.220000, 0.000233
2.230000, 0.000588
2.240000, 0.000480
2.250000, 0.000497
2.260000, 0.000400
2.270000, 0.001764
2.280000, 0.001659
2.290000, 0.002557
2.300000, 0.001676
2.310000, 0.002851
2.320000, 0.000728
2.330000, 0.008021
2.340000, 0.001759
2.350000, 0.011912
2.360000, 0.017225
2.370000, 0.003120
2.380000, 0.003613
2.390000, 0.003705
2.400000, 0.001541
2.410000, 0.002103
2.420000, 0.006096
2.430000, 0.005380
2.440000, 0.004747
2.450000, 0.002387
2.460000, 0.004588
2.470000, 0.002514
2.480000, 0.001457
2.490000, 0.002411
2.500000, 0.001533
2.510000, 0.002613
2.520000, 0.003085
2.530000, 0.001860
2.540000, 0.001105
2.550000, 0.001290
2.560000, 0.001611
2.570000, 0.002510
2.580000, 0.000931
2.590000, 0.001270
2.600000, 0.001015
2.610000, 0.000974
2.620000, 0.001397
2.630000, 0.001116
2.640000, 0.000965
2.650000, 0.000682
2.660000, 0.001044
2.670000, 0.000989
2.680000, 0.000647
2.690000, 0.001228
2.700000, 0.000955
2.710000, 0.000914
2.720000, 0.000944
2.730000, 0.000635
2.740000, 0.000529
2.750000, 0.000569
2.760000, 0.000516
2.770000, 0.000451
2.780000, 0.000519
2.790000, 0.000719
2.800000, 0.000571
2.810000, 0.000549
2.820000, 0.000600
2.830000, 0.000534
2.840000, 0.000526
2.850000, 0.000589
2.860000, 0.000400
2.870000, 0.000505
2.880000, 0.000532
2.890000, 0.000529
2.900000, 0.000634
2.910000, 0.000427
2.920000, 0.000432
2.930000, 0.000482
2.940000, 0.000565
2.950000, 0.000390
2.960000, 0.000477
2.970000, 0.000325
2.980000, 0.000552
2.990000, 0.000532
3.000000, 0.000364
3.010000, 0.000358
3.020000, 0.000390
3.030000, 0.000300
3.040000, 0.000295
3.050000, 0.000329
3.060000, 0.000336
3.070000, 0.000340
3.080000, 0.000333
3.090000, 0.000316
3.100000, 0.000302
3.110000, 0.000359
3.120000, 0.000286
3.130000, 0.000245
3.140000, 0.000299
3.150000, 0.000248
3.160000, 0.000303
3.170000, 0.000301
3.180000, 0.000236
3.190000, 0.000249
3.200000, 0.000272
3.210000, 0.000279
3.220000, 0.000252
3.230000, 0.000231
3.240000, 0.000238
3.250000, 0.000214
3.260000, 0.000272
3.270000, 0.000285
3.280000, 0.000240
3.290000, 0.000223
3.300000, 0.000216
3.310000, 0.000175
3.320000, 0.000183
3.330000, 0.000207
3.340000, 0.000196
3.350000, 0.000154
3.360000, 0.000187
3.370000, 0.000178
3.380000, 0.000233
3.390000, 0.000230
3.400000, 0.000187
3.410000, 0.000222
3.420000, 0.000166
3.430000, 0.000174
3.440000, 0.000191
3.450000, 0.000190
3.460000, 0.000172
3.470000, 0.000160
3.480000, 0.000205
3.490000, 0.000153
3.500000, 0.000181
3.510000, 0.000171
3.520000, 0.000150
3.530000, 0.000168
3.540000, 0.000153
3.550000, 0.000139
3.560000, 0.000148
3.570000, 0.000173
3.580000, 0.000142
3.590000, 0.000178
3.600000, 0.000145
3.610000, 0.000164
3.620000, 0.000132
3.630000, 0.000148
3.640000, 0.000145
3.650000, 0.000183
3.660000, 0.000143
3.670000, 0.000136
3.680000, 0.000129
3.690000, 0.000122
3.700000, 0.000154
3.710000, 0.000141
3.720000, 0.000137
3.730000, 0.000130
3.740000, 0.000130
3.750000, 0.000160
3.760000, 0.000120
3.770000, 0.000144
3.780000, 0.000112
3.790000, 0.000098
3.800000, 0.000132
3.810000, 0.000124
3.820000, 0.000143
3.830000, 0.000112
3.840000, 0.000119
3.850000, 0.000119
3.860000, 0.000118
3.870000, 0.000108
3.880000, 0.000109
3.890000, 0.000104
3.900000, 0.000111
3.910000, 0.000107
3.920000, 0.000131
3.930000, 0.000097
3.940000, 0.000118
3.950000, 0.000111
3.960000, 0.000114
3.970000, 0.000114
3.980000, 0.000109
3.990000, 0.000140
4.000000, 0.000099
4.010000, 0.000111
4.020000, 0.000107
4.030000, 0.000095
4.040000, 0.000110
4.050000, 0.000104
4.060000, 0.000089
4.070000, 0.000108
4.080000, 0.000102
4.090000, 0.000107
4.100000, 0.000086
4.110000, 0.000083
4.120000, 0.000101
4.130000, 0.000107
4.140000, 0.000097
4.150000, 0.000090
4.160000, 0.000112
4.170000, 0.000096
4.180000, 0.000094
4.190000, 0.000097
4.200000, 0.000101
4.210000, 0.000092
4.220000, 0.000081
4.230000, 0.000093
4.240000, 0.000078
4.250000, 0.000085
4.260000, 0.000088
4.270000, 0.000083
4.280000, 0.000094
4.290000, 0.000091
4.300000, 0.000080
4.310000, 0.000076
4.320000, 0.000086
4.330000, 0.000077
4.340000, 0.000087
4.350000, 0.000083
4.360000, 0.000087
4.370000, 0.000082
4.380000, 0.000093
4.390000, 0.000083
4.400000, 0.000075
4.410000, 0.000071
4.420000, 0.000080
4.430000, 0.000075
4.440000, 0.000076
4.450000, 0.000081
4.460000, 0.000080
4.470000, 0.000077
4.480000, 0.000065
4.490000, 0.000071
4.500000, 0.000067
4.510000, 0.000072
4.520000, 0.000077
4.530000, 0.000082
4.540000, 0.000078
4.550000, 0.000068
4.560000, 0.000071
4.570000, 0.000070
4.580000, 0.000083
4.590000, 0.000075
4.600000, 0.000076
4.610000, 0.000070
4.620000, 0.000067
4.630000, 0.000061
4.640000, 0.000068
4.650000, 0.000080
4.660000, 0.000077
4.670000, 0.000070
4.680000, 0.000070
4.690000, 0.000062
4.700000, 0.000064
4.710000, 0.000074
4.720000, 0.000059
4.730000, 0.000058
4.740000, 0.000063
4.750000, 0.000063
4.760000, 0.000071
4.770000, 0.000061
4.780000, 0.000068
4.790000, 0.000068
4.800000, 0.000063
4.810000, 0.000059
4.820000, 0.000067
4.830000, 0.000058
4.840000, 0.000071
4.850000, 0.000055
4.860000, 0.000062
4.870000, 0.000060
4.880000, 0.000066
4.890000, 0.000063
4.900000, 0.000059
4.910000, 0.000057
4.920000, 0.000062
4.930000, 0.000066
4.940000, 0.000049
4.950000, 0.000062
4.960000, 0.000052
4.970000, 0.000058
4.980000, 0.000055
4.990000, 0.000057
5.000000, 0.000055
